100
2 3 2
1 1 1
2 1 2
3 2 3
11 16 11
4 29 4
29 12 29
31 6 31
62 9 62
57 6 57
23 8 23
2 58 2
7 18 7
1 100 1
79 3 79
3 19 3
9 8 9
14 7 14
3 37 3
17 1 17
53 3 53
1 4 1
48 3 48
80 9 80
36 1 36
2 52 2
16 4 16
2 59 2
3 3 3
9 14 9
17 8 17
9 7 9
100 3 100
1 2 1
8 19 8
81 8 81
43 2 43
41 10 41
1 13 1
69 5 69
96 9 96
44 2 44
2 4 2
33 1 33
3 4 3
100 1 100
43 11 43
10 18 10
10 5 10
55 1 55
83 8 83
74 2 74
91 3 91
6 21 6
97 6 97
20 6 20
4 1 4
2 44 2
1 46 1
1 81 1
12 8 12
32 8 32
47 5 47
75 2 75
60 9 60
71 8 71
100 2 100
36 6 36
48 8 48
41 1 41
72 5 72
82 5 82
47 3 47
1 17 1
46 3 46
4 2 4
2 2 2
46 6 46
1 3 1
88 3 88
17 6 17
3 12 3
53 6 53
29 1 29
80 8 80
56 7 56
32 7 32
30 5 30
51 2 51
100 4 100
100 9 100
15 10 15
92 3 92
18 11 18
4 4 4
3 1 3
96 1 96
46 10 46
4 9 4
4 3 4
