1000
51 37 95
62 44 84
23 35 44
63 43 23
15 90 92
55 71 46
72 68 30
58 90 100
74 98 45
77 46 25
41 48 10
38 92 85
54 28 35
56 48 75
55 58 79
81 40 43
62 48 83
84 26 67
53 76 77
18 28 91
93 85 66
47 71 80
83 27 46
13 46 10
40 9 35
28 16 5
29 36 86
15 73 20
43 44 59
48 48 69
100 35 40
15 28 37
10 72 100
42 62 90
65 19 26
47 12 95
61 71 58
71 8 8
73 44 1
15 74 4
31 9 89
18 75 8
46 13 25
94 20 21
19 67 40
28 96 15
73 67 79
16 48 34
3 31 48
86 82 81
77 23 24
42 33 8
46 26 68
43 41 16
97 10 17
18 22 25
34 9 32
90 48 65
54 8 62
13 68 39
59 75 48
0 20 25
49 78 52
31 90 6
95 85 81
57 75 37
90 16 86
55 47 53
7 83 47
52 71 98
4 57 29
55 77 36
72 15 93
86 25 64
75 91 13
8 100 13
76 9 32
75 97 59
25 17 18
91 63 31
24 89 95
84 63 23
75 97 39
34 27 91
82 20 52
84 71 12
47 74 14
38 10 22
4 38 5
91 10 23
6 33 77
8 59 6
80 46 30
25 85 66
62 17 79
19 7 99
21 94 36
5 77 17
66 26 38
89 74 71
36 67 58
27 81 7
93 79 38
7 25 48
0 55 55
23 89 93
86 33 83
20 41 6
29 16 45
42 7 15
53 46 81
38 68 94
4 64 60
5 85 97
44 71 96
21 6 39
39 62 100
70 59 36
39 62 19
62 67 78
21 26 87
97 82 93
44 52 32
67 43 20
36 61 83
82 42 37
6 23 99
8 44 91
25 40 82
48 100 7
71 87 7
23 1 19
27 65 77
33 29 79
10 28 72
89 80 48
89 42 1
43 54 4
51 52 94
43 19 26
36 98 30
93 73 87
17 53 33
24 26 19
68 6 13
35 55 45
60 2 68
75 93 5
6 74 68
62 90 75
36 41 40
31 9 91
74 86 76
20 62 88
60 83 20
28 2 36
62 24 38
67 5 11
19 95 1
59 46 2
85 2 99
88 45 37
54 53 91
52 68 7
49 32 95
83 25 47
51 16 83
79 48 79
24 57 38
0 15 62
91 2 82
59 19 85
37 87 64
66 15 25
91 61 19
4 79 33
30 64 56
0 54 4
82 32 14
100 31 47
32 68 96
42 67 86
13 17 1
17 6 40
31 3 8
58 18 38
4 47 1
66 89 30
10 5 43
83 88 33
13 42 34
62 46 8
76 87 22
40 58 61
33 70 76
94 24 53
91 86 25
43 72 63
90 58 66
48 69 67
1 13 64
97 40 45
79 91 11
40 29 19
66 68 37
79 7 62
24 8 15
49 35 2
77 83 32
96 46 9
66 30 100
4 78 15
17 79 13
87 20 40
79 31 94
51 36 99
26 54 1
39 81 80
7 84 22
98 42 24
38 42 11
2 93 86
38 87 35
13 66 1
92 10 71
69 44 38
51 34 61
71 86 34
96 100 18
100 63 3
63 42 23
91 74 34
39 85 37
60 86 100
100 98 41
93 62 100
81 13 32
43 86 20
99 13 4
78 13 34
73 94 45
61 34 14
92 55 47
20 73 83
75 37 68
17 81 100
90 22 23
20 18 1
50 27 13
13 15 91
83 45 78
56 61 7
28 14 70
25 93 2
36 64 15
47 92 81
2 42 20
38 15 17
34 15 71
9 76 39
35 45 55
75 18 15
56 22 38
26 4 85
95 52 21
93 5 46
12 33 57
11 69 57
17 24 45
87 15 84
35 87 31
58 58 81
59 60 85
71 83 38
70 93 6
50 66 61
46 65 73
94 30 67
64 38 29
85 13 84
93 26 48
3 40 45
22 61 99
25 25 97
84 24 17
84 38 75
65 77 35
5 98 52
75 79 54
70 15 34
45 54 78
50 82 26
92 33 47
97 61 94
73 81 87
95 24 55
14 60 30
47 32 85
46 71 15
48 39 20
91 96 80
78 92 39
10 86 69
75 96 31
98 80 87
60 81 24
59 31 96
62 18 5
81 30 41
82 86 16
1 81 66
55 94 47
99 95 91
87 70 20
36 93 63
4 84 60
38 73 58
92 7 98
6 10 20
35 43 32
53 70 66
69 62 92
100 66 7
52 79 95
72 36 27
82 47 30
43 82 18
58 99 46
51 39 32
10 55 4
1 23 57
14 10 10
46 25 23
17 37 79
50 22 86
81 14 29
2 72 59
82 28 71
31 57 62
86 15 32
21 81 30
50 58 100
52 72 19
17 55 29
81 64 71
75 9 23
10 33 56
55 94 1
29 21 89
32 96 39
81 38 43
52 22 97
12 71 89
57 48 78
23 34 79
74 9 58
35 73 75
91 63 85
30 5 25
1 45 6
66 69 9
10 37 85
2 36 39
13 98 74
54 47 14
76 58 19
63 97 5
65 88 97
19 8 1
69 74 98
95 20 58
69 39 59
91 9 77
53 100 79
55 99 81
45 12 15
66 98 21
55 84 13
33 34 86
34 16 89
55 32 37
30 94 18
1 52 5
46 38 10
61 53 3
67 95 83
84 90 1
33 61 4
30 5 55
99 99 99
79 37 2
41 20 71
13 55 55
97 44 64
41 26 27
98 83 39
25 63 58
63 38 11
13 45 52
66 90 100
79 94 60
0 68 90
62 17 11
100 17 30
65 42 19
93 91 57
24 29 11
57 66 7
45 62 57
5 36 8
95 95 17
68 88 5
34 92 25
54 7 5
100 91 18
83 83 38
8 92 17
53 6 61
31 46 91
4 99 54
83 53 23
95 62 96
32 77 66
34 78 21
75 30 25
7 38 80
23 5 33
21 60 67
88 17 98
6 57 10
57 87 8
84 5 4
21 57 20
47 27 8
59 30 79
22 41 17
78 53 78
38 13 25
19 32 19
4 8 40
41 5 75
28 81 52
31 37 19
13 9 61
75 31 59
3 98 22
23 60 91
91 77 4
33 24 78
10 36 76
20 56 46
38 18 100
7 29 86
62 46 1
2 67 55
34 29 29
98 22 42
84 98 55
70 70 72
69 77 100
100 31 11
78 12 41
93 62 88
52 58 41
57 92 78
10 87 38
7 21 17
17 43 82
89 86 90
78 28 94
19 77 72
31 40 41
11 45 87
49 48 55
77 88 1
37 59 59
60 38 13
91 41 56
69 11 77
68 55 29
55 82 52
74 24 4
98 100 65
61 85 22
28 89 30
2 57 53
15 81 62
63 74 95
11 10 80
84 30 23
24 81 77
83 15 78
54 12 86
44 26 6
45 3 87
87 63 16
20 60 75
13 62 100
24 98 37
16 20 69
85 16 71
79 8 72
23 70 19
10 22 55
19 71 93
69 26 21
59 43 87
33 69 55
74 76 22
77 91 2
100 18 7
40 32 40
24 84 57
97 48 53
13 69 20
64 88 26
39 12 84
27 61 19
75 12 4
85 55 91
81 79 13
100 74 54
20 46 23
23 17 75
69 96 3
34 68 35
14 72 37
78 28 15
86 54 55
85 96 27
4 80 61
67 60 11
97 88 98
38 6 39
34 14 7
27 5 38
83 89 31
57 14 13
16 81 32
88 64 68
81 3 94
7 62 58
86 92 88
65 70 12
22 64 65
11 78 3
96 74 56
94 54 91
97 87 65
16 53 10
17 8 18
12 98 95
2 35 88
60 5 38
3 82 67
78 23 25
47 66 68
29 37 5
26 20 90
65 39 45
47 68 48
54 84 33
57 61 15
54 18 72
1 90 31
1 22 6
56 87 92
25 12 74
49 22 17
85 68 41
36 69 53
55 71 19
12 9 17
75 56 53
13 9 38
58 86 97
89 80 24
69 96 28
0 65 91
2 76 15
80 25 64
3 66 73
5 66 37
33 12 86
14 58 26
13 28 46
32 14 83
11 92 53
38 18 74
22 97 31
28 12 87
67 89 59
82 89 7
84 69 3
30 44 90
36 17 39
38 86 11
4 86 31
49 60 88
76 5 76
16 11 38
90 14 81
84 79 77
12 55 55
46 74 16
54 72 3
55 98 32
98 87 25
92 31 9
28 58 46
4 47 5
95 23 15
53 85 73
52 36 12
9 77 77
8 13 21
63 18 95
70 87 37
15 27 85
64 15 25
48 77 79
9 10 84
25 2 9
42 67 14
98 96 13
89 48 41
75 36 52
74 73 98
55 94 27
94 53 82
15 12 1
4 95 82
90 47 68
1 42 57
45 39 23
83 81 21
84 18 41
60 57 42
78 12 26
14 30 25
94 6 97
4 17 11
5 4 81
98 39 27
68 47 78
34 92 69
94 73 33
3 83 27
12 88 91
79 12 10
15 19 12
100 27 67
38 2 57
86 23 47
20 24 95
30 83 16
16 86 48
56 82 23
100 91 95
21 89 97
84 90 42
31 83 25
0 32 79
22 4 96
57 76 70
87 57 12
32 46 61
57 71 100
33 18 17
95 59 36
54 36 40
97 83 99
22 28 37
5 77 3
47 88 38
72 53 57
23 3 100
54 69 77
84 58 8
54 6 54
17 46 54
100 89 96
48 46 58
19 23 85
74 83 52
96 97 9
94 7 87
84 79 64
67 1 56
85 67 94
51 76 26
1 7 59
29 23 13
17 89 70
41 67 73
91 10 57
18 57 73
21 66 14
56 92 59
91 2 12
81 69 83
83 21 71
56 1 93
76 7 28
72 82 11
8 20 80
4 92 13
7 33 36
77 75 10
73 93 3
96 80 66
99 8 69
57 58 89
8 78 93
57 26 71
1 12 64
75 2 67
5 74 9
6 97 77
27 23 72
100 28 10
52 44 12
34 74 94
50 78 61
80 32 67
91 88 3
70 72 24
2 32 95
13 99 9
41 88 72
66 22 24
26 91 40
73 66 59
47 27 41
4 87 25
90 93 62
57 98 14
19 80 12
67 77 35
6 53 79
53 28 74
61 30 32
37 21 1
88 58 41
91 25 16
55 3 20
35 64 17
98 85 38
88 17 100
86 22 44
78 84 95
73 60 73
75 33 74
88 76 98
67 43 16
93 92 92
54 99 95
35 72 76
11 73 54
76 21 60
0 71 40
46 60 37
25 43 87
14 89 2
32 71 93
26 63 84
79 20 6
29 21 13
73 41 26
31 9 97
30 86 56
5 42 25
99 26 64
15 70 53
63 53 74
11 60 98
14 46 40
48 52 2
6 54 76
63 39 40
82 98 10
59 89 41
77 28 9
73 91 41
5 95 26
21 53 4
55 55 17
46 4 73
65 46 89
78 22 46
55 68 37
45 39 5
36 60 91
16 46 80
55 2 71
10 34 81
70 67 75
37 54 52
14 12 58
74 32 16
100 1 1
97 81 53
19 54 59
8 61 41
87 47 83
100 26 16
15 87 67
61 89 91
28 9 52
46 13 67
35 81 8
3 89 85
45 4 63
73 9 85
52 60 75
95 21 59
98 38 32
11 99 88
55 82 21
48 64 69
37 43 86
97 58 73
17 78 67
62 57 13
90 67 82
42 73 40
33 6 28
10 34 82
59 8 29
12 59 63
7 52 70
22 14 70
75 68 11
68 94 26
90 70 34
53 5 47
95 88 7
84 93 54
53 89 74
88 98 52
52 90 42
100 89 76
24 64 84
50 22 39
95 85 18
79 46 84
5 47 9
23 65 87
36 22 35
100 64 45
23 8 13
19 77 96
39 68 89
19 78 93
29 42 62
8 58 1
47 2 34
54 93 10
98 69 74
48 55 54
95 82 27
51 46 69
16 10 4
31 32 20
88 98 54
1 23 28
29 2 60
51 61 95
9 3 8
90 69 64
20 46 63
2 47 93
81 4 75
91 59 33
1 28 70
61 87 41
70 44 46
80 70 89
96 31 25
99 92 60
87 37 36
43 9 84
28 44 77
68 23 60
98 29 77
47 53 21
75 53 41
58 36 22
71 35 27
41 35 64
55 83 24
37 73 10
69 3 81
5 97 10
54 28 31
25 43 2
45 24 72
22 34 52
11 32 65
56 44 57
43 30 26
35 16 42
15 81 30
90 24 63
41 62 75
85 7 21
74 77 38
99 3 95
46 60 87
79 67 41
87 40 57
33 55 85
41 31 52
79 6 30
100 91 42
84 48 1
12 100 82
82 97 70
66 20 11
72 45 65
71 28 4
14 98 61
14 33 90
64 70 73
98 23 27
31 20 6
27 23 13
20 71 63
42 25 39
34 21 80
61 29 41
30 41 28
47 52 75
74 35 78
85 84 21
12 72 15
97 69 86
77 41 62
31 11 98
82 45 77
17 75 28
57 28 81
28 37 95
49 34 10
22 20 89
89 48 39
85 85 71
43 47 33
99 97 98
44 68 69
1 87 71
11 83 30
7 78 53
95 29 87
16 88 96
40 5 31
19 41 36
89 99 82
76 41 73
83 77 15
75 46 17
32 43 54
30 15 68
80 5 56
89 84 47
19 13 36
20 2 14
93 37 34
63 75 34
73 32 97
64 96 55
67 48 15
90 77 46
20 56 69
43 97 35
43 24 79
46 100 56
100 70 91
77 75 53
66 16 67
98 13 29
97 37 34
8 64 34
95 61 13
64 82 82
34 72 75
8 31 78
72 84 72
36 65 62
16 66 92
22 84 76
29 11 42
88 27 3
42 33 100
51 9 46
85 74 65
75 28 25
21 28 21
83 41 63
48 16 37
