100
2 1
500 300
900
660
2 1
500 300
1500
809
2 2
50 100
450 449
1100 1101
2 1
500 300
300
500
1 8
10
11 13 17 11 16 14 12 18
1 2
158673
804067 960710
2 8
7 5
14 7 38 42 35 77 41 40
23 30 25 32 45 5 10 30
1 5
6
10879 10800 9720 10456 10266
1 7
4
1251 1200 1285 1316 1086 1080 1200
1 6
5
10 22 23 30 9 55
1 8
4
4 4 4 4 36 4 36 4
1 4
3
878 7200 576 3378
2 8
3 3
9 18 25 33 24 20 6 25
26 17 9 27 20 6 24 25
1 7
7
6732 7007 6252 6204 6423 5769 6286
2 3
5 8
15 20 22
31 25 30
1 6
5
7000 7150 6833 6300 6750 7000
1 5
8
10152 11974 11676 11224 10200
1 8
10
7 1 2 4 6 8 3 5
1 6
1
4 8 1 1 8 9
2 8
249538 274393
707551 950007 877497 581297 673807 934729 901945 654020
947903 934529 939854 982806 935559 937656 770443 377399
2 3
5 3
4950 4901 6500
2766 3900 3630
2 1
1 5
590
3008
1 3
1
284 103 220
2 5
7 5
5621 6160 5586 5849 5580
3753 4193 3990 3902 3600
2 5
10 9
90 67 53 33 10
49 99 28 58 9
1 4
3094
841643 991492 925246 993201
2 3
150916 208123
314298 600710 556999
902917 862759 549207
2 7
4 3
2401 8800 2905 2298 9464 6000 5040
4500 2553 6609 5400 1954 4620 1739
1 2
218263
985268 871476
2 4
698690 157745
925968 771906 854478 942545
482359 929657 172149 995157
2 7
10 3
13863 14191 13014 14300 12960 13890 11770
3510 4061 3888 4063 3852 3915 3885
1 3
84163
395776 959878 997340
1 3
2
4 18 10
1 5
235412
821398 877680 675724 999864 890597
2 5
2 10
584 577 596 645 660
2980 3120 2700 2771 3166
2 5
9 9
959 980 830 900 810
946 859 990 900 948
2 8
5 2
4000 1048 496 3689 1500 2767 2200 2271
1017 427 720 1533 1600 600 182 1084
1 7
4
4 29 8 36 30 31 4
2 7
8 3
8800 8800 7920 9610 8769 8148 9025
3517 3265 3300 3300 2994 3630 3533
1 1
9
957
2 2
9 2
957 1620
214 440
1 7
1
2153 2211 2190 2005 1800 1935 1891
1 3
3
306 572 900
2 8
27550 200038
945667 475844 869900 915560 884169 680766 947876 839977
917828 704179 963891 878095 869604 113143 941432 885889
2 5
5 1
12000 3190 4122 8250 3850
639 792 866 2400 1350
2 8
1 9
738 90 2500 849 2442 100 1000 2170
19128 990 9000 22500 915 22773 8524 6706
2 8
3 8
5388 5388 5866 5886 5389 4887 5730 5339
15666 14368 14378 13336 15928 14368 15222 15522
1 8
5
15 19 30 16 45 10 35 11
1 6
2
998 426 625 200 1200 720
2 1
198970 4389
884986
999191
2 5
2 6
2 2 2 2 18
6 66 6 6 6
1 7
2
652 540 600 616 600 630 596
2 8
5 5
6432 5940 5445 6544 5990 6655 5637 6014
6397 5552 5445 5779 6118 6655 5990 6287
2 5
6 10
12377 13200 13673 14520 13446
19800 22477 23106 20844 22000
2 3
3 4
24 27 13
32 16 44
1 3
5
906 1532 500
2 4
105853 71446
201495 798401 993876 999669
763944 962102 783088 285403
2 8
8 8
5600 4086 1600 6436 777 2880 4604 2561
3520 786 5600 6956 2493 4554 1600 3868
1 7
5
5 5 5 5 5 5 55
2 4
3 6
6000 5537 5400 6505
12264 13200 12000 11994
2 8
3 8
3 3 3 3 27 3 33 3
88 8 72 8 8 8 8 8
2 2
3 3
5264 4069
4135 5453
1 3
3
810 327 600
1 3
9
33 45 46
2 7
239543 105795
998608 698589 914917 755844 815372 959730 994378
806923 698812 991076 689441 241026 429384 575656
1 5
6
36 26 54 13 12
2 8
4 4
9326 9057 10314 9600 9720 9600 10560 10560
9111 8640 8640 9638 9350 9950 9600 9600
1 3
3
4383 1200 3300
2 8
7 2
8879 14700 7560 4900 4620 12891 12054 7677
2198 3691 3227 1400 2551 1080 4200 2640
2 8
215171 677829
327044 324148 761150 373568 989819 85475 897361 938638
894131 947743 765639 932082 257407 659902 874873 962679
2 4
2 4
800 652 220 426
1600 878 360 1306
2 8
8 6
19427 17514 17558 19730 19605 21120 17280 19200
14400 15498 13941 15840 14261 12960 15609 13769
2 8
3 2
328 1921 867 1868 2349 1350 1200 577
800 1246 633 1100 201 1385 366 1682
1 3
1
213 202 197
2 2
5 8
1000 476
793 1600
2 3
3 10
1843 864 5100
6301 17000 2833
2 6
3 9
5940 3779 5400 3765 581 810
16200 2970 11771 11449 1710 14580
1 3
9
18951 21026 21780
2 4
26855 106802
761878 806495 834408 976093
944609 831047 974098 916131
2 1
109302 457943
942025
663959
2 5
7 5
23 7 49 19 63
15 15 35 5 55
2 5
2 1
2637 2360 2160 2396 2567
1320 1198 1137 1247 1087
1 8
4
4400 4532 4000 8000 8535 4614 5590 3485
1 1
5
10630
2 8
10 4
7696 6300 7000 6300 7022 7000 6544 6971
2953 3080 2907 3080 2800 2645 2818 2800
2 8
1 1
1000000 999999 999998 999997 999996 999995 999994 999993
999992 999991 999990 999989 999988 999987 999986 999985
1 8
4
1200 726 2730 1490 3200 431 2448 1800
1 3
1000000
900001 900000 899999
2 4
10 9
3077 2863 3300 2747
2906 2430 2987 2485
2 6
5 4
1803 1995 1790 2200 2131 1845
1804 1449 1654 1596 1674 1440
2 8
5 1
45 45 5 5 5 5 5 5
1 1 1 11 1 1 11 1
1 3
3
842 611 330
2 1
4 8
7282
15734
2 8
8 2
16 8 23 17 56 72 40 60
9 4 22 2 4 6 13 14
1 6
2
2 2 2 2 22 2
1 4
2
4808 5013 5280 4365
2 3
2 10
4952 1000 2851
13975 5000 22711
2 8
1 7
1300 2409 2070 96 360 1200 838 1653
14919 684 6563 8400 17685 12186 9100 3080
1 1
425071
878663
1 6
9
1824 1620 1873 1800 1620 1766
